12.98859 0
14.88558 0
17.05298 0
17.33454 0
18.74618 0
19.25864 0
20.70704 0
21.26642 0
22.87091 0
23.13572 0
24.60145 0
25.09835 0
26.51673 0
27.08836 0
28.44797 0
29.03468 0
30.39635 0
30.93589 0
32.34865 0
32.85067 0
34.2814 0
34.82468 0
36.25693 0
36.77208 0
38.18118 0
38.69175 0
40.17139 0
40.66222 0
42.10385 0
42.59443 0
44.06765 0
44.60405 0
45.91008 0
46.53237 0
47.90117 0
48.50818 0
50.00241 0
50.33467 0
51.79224 0
52.29484 0
53.7471 0
54.2758 0
55.68854 0
56.20173 0
57.65148 0
58.17982 0
59.5845 0
60.11426 0
61.60623 0
62.0621 0
63.47884 0
64.00691 0
